2.0024 25
1.9532 25 
1.9019 25
1.8519 34
1.8253 29
1.8006 40
1.7750 58
1.7503 55
1.7251 74
1.7009 94
1.6902 92
1.6801 93
1.6701 105
1.6603 122
1.6505 100
1.6001 92
1.5903 83
1.5805 92
1.5705 69
1.5602 75
1.5517 72
1.5254 45
1.5038 33 
1.4759 29
1.4507 27
1.4249 35
1.4019 33
1.3514 20
1.3035 36
1.2501 26 
1.2041 28
1.1528 20
1.1255 39
1.1027 32
1.0896 34
1.0805 43
1.0702 47
1.0606 42
1.0509 41
1.0246 43
1.0011 39
0.9531 39
0.9050 43
0.8511 30
0.8022 40 
0.7521 21
0.7020 28
0.6498 20
0.6004 26 
 
