2.0010 15
1.9495 27
1.9022 20 1.9009 29
1.8524 24 1.8501 36
1.8021 40 1.8009 58
1.7554 61 1.7535 66
1.7022 74 1.7008 80
1.6512 101 1.6531 92 
1.6018 79 1.6015 84
1.5526 50 1.5497 60
1.5016 41 1.5030 39
1.4503 25 1.4506 30
1.4012 20 1.4012 19
1.3528 22 1.3509 35
1.3061 29 1.3006 26 
1.2546 31 1.2506 21
1.2000 27 1.2017 29
1.1498 18 1.1501 33
1.1067 40 1.1004 33
1.0525 51 1.0525 38
1.0002 36 1.0002 41
0.9503 44 0.9505 36
0.9006 35 0.9025 37
0.8507 28 0.8502 25 
0.8008 32 0.8014 33
0.7505 25 0.7520 21
0.7009 20 0.7004 21
0.6500 26 0.6500 17
0.6009 10 0.6009 14


