$SPEC_ID:
No sample description was entered.
$SPEC_REM:
DET# 1
DETDESC# PHYS-4546154A35 MCB 25
AP# Maestro Version 6.06
$DATE_MEA:
03/13/2013 14:37:48
$MEAS_TIM:
799999 800000
$DATA:
0 2047
       0
       0
       0
       0
       0
       0
       4
      58
      85
      76
      70
      76
      75
      61
      70
      73
      84
      66
      55
      55
      64
      75
      65
      75
      85
      84
      68
      72
      58
      53
      79
      75
      63
      71
      91
      75
      80
      57
      66
      74
      73
      67
      68
      84
      68
      52
      68
      76
      56
      65
      81
      81
      60
      67
      61
      58
      57
      67
      80
      73
      61
      69
      66
      52
      54
      64
      68
      55
      64
      65
      45
      59
      69
      54
      54
      61
      46
      69
      52
      62
      61
      51
      57
      52
      57
      72
      63
      54
      56
      79
      58
      60
      56
      61
      48
      65
      67
      45
      59
      50
      54
      57
      43
      46
      53
      48
      56
      55
      52
      61
      46
      48
      61
      51
      61
      49
      53
      58
      58
      50
      58
      52
      49
      69
      74
      71
      69
      46
      61
      58
      61
      48
      60
      55
      45
      55
      46
      54
      53
      46
      57
      61
      56
      53
      61
      49
      39
      43
      59
      46
      50
      50
      58
      43
      37
      43
      57
      55
      55
      43
      52
      47
      45
      62
      51
      49
      55
      51
      44
      63
      51
      59
      46
      53
      45
      55
      32
      44
      49
      56
      44
      42
      47
      44
      49
      44
      36
      35
      38
      44
      52
      44
      46
      47
      48
      45
      41
      45
      44
      50
      48
      47
      36
      52
      45
      42
      48
      32
      45
      48
      37
      46
      40
      49
      53
      45
      33
      33
      40
      53
      29
      37
      46
      34
      42
      41
      49
      40
      27
      37
      37
      28
      42
      46
      36
      40
      35
      41
      32
      37
      30
      43
      36
      42
      42
      43
      43
      31
      40
      35
      36
      50
      55
      33
      31
      38
      40
      35
      23
      39
      40
      38
      40
      37
      34
      23
      27
      33
      46
      47
      39
      33
      32
      45
      41
      42
      36
      21
      31
      33
      31
      36
      35
      47
      46
      43
      34
      44
      30
      38
      39
      44
      38
      36
      43
      32
      30
      24
      26
      38
      33
      23
      28
      29
      15
      28
      40
      32
      28
      29
      25
      41
      25
      30
      34
      48
      34
      33
      13
      32
      36
      28
      32
      28
      29
      43
      27
      33
      31
      30
      29
      27
      36
      23
      23
      31
      30
      33
      30
      37
      28
      21
      17
      32
      31
      26
      22
      29
      34
      21
      28
      30
      26
      28
      19
      28
      27
      32
      26
      29
      30
      35
      33
      33
      42
      19
      23
      29
      38
      26
      29
      20
      22
      28
      17
      22
      29
      26
      31
      28
      39
      20
      30
      24
      28
      26
      18
      22
      31
      30
      30
      25
      31
      28
      22
      26
      24
      21
      20
      24
      28
      32
      27
      32
      21
      16
      26
      15
      19
      29
      21
      20
      22
      22
      23
      18
      30
      30
      18
      27
      29
      26
      17
      26
      18
      16
      27
      19
      29
      17
      17
      27
      23
      21
      24
      19
      20
      25
      30
      27
      25
      32
      22
      24
      26
      17
      24
      21
      23
      25
      25
      24
      20
      19
      26
      20
      29
      23
      19
      17
      34
      20
      17
      16
      25
      30
      29
      22
      27
      20
      17
      17
      22
      17
      22
      20
      28
      15
      23
      25
      26
      19
      23
      23
      22
      22
      27
      29
      25
      24
      19
      21
      12
      25
      19
      22
      30
      14
      23
      18
      16
      18
      19
      16
      24
      26
      15
      23
      18
      19
      19
      20
      20
      17
      20
      22
      23
      27
      11
      24
      14
      25
      14
      29
      16
      22
      15
      22
      21
      22
      19
      23
      19
      11
      18
      21
      21
      21
      21
      17
      17
      30
      14
      16
      29
       9
      18
      20
      16
      15
      19
      13
      18
      16
      21
      16
      20
      19
      23
      20
      25
      17
      29
      15
      11
      14
      21
      12
      18
      10
      17
      23
      17
      26
      19
      19
      21
      20
      26
      11
      20
      23
      12
      17
      11
      16
      14
      18
      24
      15
      19
      19
      12
      14
      14
      18
      20
      12
      20
      19
      25
      18
      18
      17
      23
      13
      15
      14
      20
      23
      24
      15
      15
      12
      18
      19
      20
      21
      27
      14
      24
      13
      26
      19
      14
      12
      19
      17
      17
      15
      13
      17
      19
      21
       9
      12
      17
      12
      16
      18
      20
      15
      20
      10
      24
      10
      14
      15
      18
      22
      17
      13
      16
      11
      17
      22
      21
      10
      11
      12
       9
      12
      18
      15
       5
      11
      15
      12
      13
      12
      13
      18
      21
      16
      23
      10
      14
      19
       8
      10
      13
      10
      12
      15
      14
      12
      19
      10
      15
       6
      17
      21
      14
      16
      16
      12
      18
      12
      11
      12
      17
       9
      20
      16
      15
      12
       5
      13
      14
      17
       8
      15
      14
       6
      10
      14
      13
      13
      10
      15
      15
      16
       9
      16
      16
      14
      20
      14
      14
      11
      10
      16
      12
      14
      22
      15
      12
       8
      13
      14
      14
      11
      14
       7
      12
      18
       9
      12
      10
      10
      12
       8
      15
      12
      20
      11
      10
      12
      10
      14
       7
      13
       7
      13
      18
       6
       5
      14
      13
      15
      12
      12
      15
       7
      13
       4
       9
      11
      14
      12
      11
      11
      13
      14
      13
      11
       8
      21
       4
      15
      10
      10
       5
      12
      10
       9
      14
      14
       8
       9
      16
      11
      11
       9
      11
       5
      12
      11
      11
       8
      11
       5
      11
       6
      15
       8
      11
      13
      12
      11
       8
       7
      13
      10
       8
      12
       8
      14
       5
      12
       7
       7
      13
      11
      12
       8
      13
      13
       7
       9
      12
       8
       7
       4
       6
       8
       8
      12
       5
       8
       8
       8
       8
      10
       9
      10
       7
      10
       7
      10
      13
       6
      11
      14
       5
       9
       7
       4
       5
      12
      12
      11
       6
      10
       6
      15
      10
       7
       8
       7
       9
       8
      10
       3
       9
       6
       8
      10
      12
       4
       4
       9
       7
       5
      11
       6
      13
       6
       4
      12
      17
       7
      11
      15
       7
       6
      14
      13
       6
       9
       6
       6
      18
       5
       6
       9
       7
       7
      10
      10
       8
       4
      10
       9
       7
      14
       5
       8
       5
       7
      10
       5
       9
      10
      10
      10
      12
       5
      10
       8
       6
       4
       6
       6
       5
      10
      10
      12
       5
      12
      11
      10
      13
       5
      12
      12
       3
      13
       8
       4
       9
       9
      11
       5
      10
       8
      11
      11
       8
      11
       6
      13
       4
       7
       9
      10
      16
       6
       8
       8
       4
       5
       8
       8
       4
       5
       7
       6
      14
       3
       2
       5
       7
       6
       5
      10
       7
       6
       4
       3
       3
       3
       7
       8
       4
       9
       8
       7
       4
       9
       5
       5
       5
       7
       4
       6
       7
       2
       5
      11
       9
       7
       8
       3
       2
       8
       6
       7
       8
       8
       6
       7
       3
       7
       3
       8
      11
       5
      10
       5
       6
      12
       5
       2
       4
       5
      10
       4
       7
       2
       4
       6
       3
       6
       6
       9
       5
       5
       9
      12
       8
       8
      10
       8
       4
       6
       3
       4
       9
      11
       4
       5
       8
       3
       7
       6
      10
      10
       3
       5
      11
       4
       5
       5
       3
       6
       4
      11
      10
       5
       9
       4
       9
       5
       5
       4
       8
       2
       7
       7
       4
       7
       9
       5
       6
       3
       5
       7
       9
       6
       5
       3
       8
       5
       4
       5
       1
      10
       2
       6
       9
       4
       4
       6
       1
       5
       3
       3
       5
       2
       3
       6
       5
       8
       8
       4
       3
       8
       6
       2
       9
       5
       4
       5
       6
       3
       3
       4
       5
      10
       5
       7
       5
       0
       6
       4
       5
       8
       5
       2
       4
       8
       3
       1
       7
       7
       4
       7
       4
       7
       7
       4
       7
       6
       5
       5
       5
       4
       6
       3
       3
       3
       3
       4
       6
       4
       1
       3
       3
       8
       3
       8
       2
       2
       6
       8
       6
       5
       3
       6
       6
       4
       7
       4
       4
       5
       5
       3
      11
       4
       5
       7
       5
       3
       6
       2
       4
       6
       2
       6
       7
       6
       7
       7
       9
       6
       2
       3
       4
       2
       3
       5
       2
       5
       2
       5
       8
       4
       5
       3
       5
       1
       6
       4
       6
       1
       4
       2
       4
       3
       3
       3
       5
       4
       6
       2
       9
       5
       5
       2
       4
       4
       4
       8
       2
       7
       2
       9
       6
       5
       2
       3
       2
       5
       1
       8
       3
       4
       8
       5
       7
       1
       5
       5
       3
       1
       3
       7
       3
       5
       7
       4
       6
      10
       3
       5
       6
       6
       2
       4
       3
       2
       3
       6
       6
       4
       5
       7
       4
       8
       5
       4
       1
       8
       0
       2
       6
       4
       1
       4
       5
       5
       3
       2
       1
       3
       6
       2
       4
       2
       6
       1
       8
       4
       3
       1
       8
       4
       3
       6
       1
       4
       7
       7
       4
       4
       5
       5
       6
       1
       5
       1
       2
       1
       2
       4
       5
       0
       3
       2
       3
       1
       6
       4
       4
       4
       2
       3
       4
       6
       2
       5
       2
       5
       3
       1
       2
       2
       4
       6
       2
       3
       4
       4
       5
       1
       4
       4
       3
       4
       9
       4
       1
       2
       4
       4
       1
       7
       7
       2
       5
       2
       6
       3
       1
       4
       1
       3
       6
       3
       5
       7
       7
       6
       3
       3
       4
       2
       2
       2
       3
       2
       5
       2
       1
       4
       5
       3
       2
       4
       8
       2
       2
       3
       5
       4
       2
       3
       4
       2
       3
       2
       3
      10
       3
       5
       2
       1
       7
       4
       2
       2
       1
       6
       1
       4
       6
       4
       5
       0
       5
       3
       5
       6
       2
       3
       4
       3
       6
       3
       3
       6
       7
       1
       8
       3
       2
       5
       2
       2
       1
       4
       2
       3
       3
       3
       7
       2
       4
       5
       4
       2
       5
       3
       6
       7
       2
       4
       3
       3
       4
       3
       6
       4
       5
       3
       1
       3
       3
       6
       2
       5
       3
       2
       5
       2
       4
       4
       2
       3
       2
       2
       1
       4
       2
       3
       2
       2
       2
       3
       4
       3
       2
       6
       3
       1
       3
       2
       5
       2
       3
       4
       3
       0
       0
       5
       1
       4
       3
       1
       2
       2
       6
       4
       2
       3
       2
       1
       4
       1
       6
       3
       5
       4
       1
       3
       3
       5
       1
       4
       0
       4
       1
       2
       4
       7
       1
       0
       1
       1
       4
       3
       6
       4
       3
       2
       2
       1
       2
       2
       3
       1
       7
       4
       2
       5
       3
       5
       4
       1
       3
       0
       2
       3
       6
       3
       4
       2
       2
       0
       4
       2
       5
       3
       6
       4
       2
       2
       4
       0
       4
       3
       2
       0
       4
       1
       2
       0
       5
       2
       4
       4
       2
       1
       2
       4
       3
       3
       3
       4
       1
       1
       2
       3
       1
       6
       6
       5
       4
       3
       1
       2
       5
       1
       3
       4
       3
       5
       2
       4
       0
       2
       2
       2
       2
       2
       3
       4
       3
       1
       3
       3
       2
       0
       4
       3
       0
       2
       2
       4
       4
       0
       1
       2
       2
       1
       7
       3
       1
       3
       2
       3
       1
       4
       3
       8
       2
       3
       1
       0
       3
       3
       3
       3
       5
       0
       1
       5
       4
       5
       1
       1
       5
       0
       3
       0
       1
       3
       4
       4
       3
       3
       2
       3
       1
       4
       2
       2
       4
       1
       2
       5
       4
       1
       1
       1
       2
       0
       1
       2
       5
       1
       2
       3
       3
       1
       4
       5
       2
       2
       3
       3
       2
       2
       2
       3
       2
       2
       1
       3
       2
       3
       1
       2
       0
       0
       2
       2
       2
       4
       4
       1
       3
       3
       3
       0
       2
       4
       3
       1
       1
       4
       0
       2
       2
       2
       0
       5
       2
       2
       0
       1
       2
       0
       1
       0
       4
       2
       2
       0
       1
       1
       3
       1
       1
       5
       3
       1
       3
       2
       1
       3
       1
       3
       3
       2
       4
       3
       2
       4
       0
       2
       2
       2
       0
       3
       2
       3
       2
       1
       7
       1
       1
       0
       2
       4
       0
       0
       1
       0
       2
       4
       3
       2
       4
       0
       3
       3
       1
       0
       2
       1
       2
       2
       2
       3
       2
       3
       2
       1
       0
       3
       2
       3
       0
       1
       2
       6
       2
       1
       1
       4
       2
       3
       4
       2
       2
       1
       1
       3
       2
       0
       2
       4
       1
       2
       1
       1
       2
       1
       2
       2
       5
       1
       2
       2
       0
       2
       3
       2
       1
       5
       1
       1
       2
       2
       4
       1
       0
       4
       3
       2
       0
       4
       1
       2
       0
       1
       3
       1
       4
       1
       1
       1
       3
       2
       0
       1
       2
       1
       1
       3
       3
       0
       0
       1
       4
       3
       2
       2
       2
       0
       5
       4
       1
       3
       1
       1
       5
       1
       1
       1
       1
       4
       1
       4
       2
       5
       1
       2
       1
       0
       2
       1
       1
       0
       0
       2
       0
       0
       2
       1
       2
       5
       1
       1
       1
       2
       6
       0
       3
       1
       1
       3
       0
       5
       3
       1
       0
       1
       2
       4
       1
       3
       5
       1
       2
       1
       1
       3
       3
       0
       3
       3
       3
       0
       2
       3
       2
       2
       0
       0
       2
       1
       1
       0
       2
       1
       3
       0
       4
       4
       2
       2
       1
       2
       0
       0
       0
       0
       0
       0
       0
       0
       0
       0
       0
       0
       0
       0
       0
       0
       0
       0
       0
       0
       0
       0
$ROI:
1
0 2047
$PRESETS:
Real Time
800000
0
$ENER_FIT:
0.000000 0.000000
$MCA_CAL:
3
0.000000E+000 0.000000E+000 0.000000E+000 
$SHAPE_CAL:
3
0.000000E+000 0.000000E+000 0.000000E+000
