$SPEC_ID:
No sample description was entered.
$SPEC_REM:
DET# 1
DETDESC# PHYS-4546154A35 MCB 25
AP# Maestro Version 6.06
$DATE_MEA:
03/06/2013 14:36:20
$MEAS_TIM:
601200 601200
$DATA:
0 2047
       0
       0
       0
       0
       0
       1
       5
      39
      46
      55
      52
      60
      63
      46
      61
      51
      62
      52
      51
      61
      50
      47
      58
      41
      59
      54
      72
      54
      45
      56
      46
      63
      60
      51
      59
      59
      49
      58
      45
      39
      52
      57
      54
      52
      44
      61
      51
      72
      38
      51
      54
      49
      52
      50
      43
      50
      44
      57
      43
      46
      47
      44
      40
      49
      44
      33
      51
      51
      55
      48
      48
      36
      45
      52
      49
      47
      47
      46
      48
      42
      36
      42
      51
      43
      57
      41
      43
      44
      28
      46
      44
      38
      43
      45
      33
      50
      47
      53
      38
      55
      41
      43
      42
      36
      46
      47
      40
      52
      48
      40
      48
      35
      48
      42
      34
      27
      46
      44
      51
      43
      39
      51
      40
      35
      34
      36
      41
      31
      30
      41
      37
      33
      41
      41
      44
      35
      41
      37
      40
      40
      39
      48
      37
      45
      40
      37
      43
      32
      41
      34
      39
      43
      42
      48
      48
      28
      34
      34
      33
      34
      36
      35
      43
      26
      46
      40
      37
      40
      35
      32
      40
      46
      47
      45
      34
      31
      35
      31
      35
      42
      48
      34
      25
      35
      38
      41
      42
      44
      48
      33
      30
      34
      32
      37
      35
      36
      35
      33
      33
      33
      17
      35
      35
      28
      32
      27
      25
      32
      32
      41
      36
      25
      37
      27
      36
      27
      26
      26
      31
      28
      36
      28
      35
      29
      25
      28
      27
      28
      41
      32
      32
      33
      41
      28
      28
      34
      27
      38
      29
      23
      31
      32
      38
      31
      26
      27
      32
      20
      24
      26
      25
      31
      27
      21
      30
      31
      28
      22
      36
      32
      19
      22
      29
      29
      29
      34
      29
      26
      21
      32
      24
      25
      14
      29
      23
      16
      20
      18
      25
      25
      28
      25
      25
      22
      28
      25
      28
      20
      26
      20
      31
      21
      24
      17
      26
      25
      30
      28
      26
      37
      18
      27
      23
      21
      30
      27
      21
      33
      24
      33
      18
      26
      29
      30
      23
      31
      26
      21
      29
      19
      25
      18
      14
      15
      15
      25
      26
      21
      21
      22
      19
      30
      26
      24
      21
      24
      24
      24
      21
      25
      14
      23
      15
      15
      20
      25
      18
      18
      16
      24
      27
      30
      23
      19
      21
      17
      16
      14
      28
      14
      19
      18
      17
      22
      26
      18
      28
      30
      19
      15
      20
      15
      21
      19
      20
      13
      12
      20
      27
      19
      16
      20
      22
      13
      22
      27
      17
      19
      20
      16
      19
      16
      24
      15
      17
      19
      27
      16
      20
      12
      24
      20
      12
      18
      18
      11
      14
      22
      26
      18
      24
      23
      19
      18
      23
      16
      18
      23
      23
      17
      19
      29
      14
      24
      17
      21
      20
      25
       7
      23
      20
      18
      17
      23
      18
      21
      16
      18
      17
      14
      16
      19
      14
      15
      16
      15
      19
      16
      18
      19
      17
      12
      24
      17
      20
      18
      11
      16
      20
      11
      16
      13
      21
      20
      14
      10
      18
      21
      17
      17
      24
      26
      21
      12
      19
      14
      20
      17
      19
      15
      21
      17
      13
      18
      16
      20
       6
      14
      18
      21
      19
      13
      11
      17
      18
      15
      22
      11
      11
      21
      22
      14
      21
      15
      20
      20
      21
      17
      13
      16
      14
      13
      15
      19
      17
      21
      12
      14
      22
      16
      17
      20
      15
      12
      16
      19
      18
      13
      14
      11
      16
      21
       9
      23
      17
      17
      13
      13
      16
      21
      16
      22
      17
      12
      17
      18
      22
      11
      18
      18
      11
      15
      12
      17
      19
      20
      26
      18
      12
      12
      20
      14
      10
      14
      11
      19
      19
      21
      18
      12
      23
      19
      15
      16
      13
      12
       9
       9
      15
      18
      12
      10
      15
      12
      10
      13
      14
       8
      20
      10
      12
      19
       9
      12
      10
      16
       6
      16
      11
      12
      10
      16
      14
      12
       8
      13
      13
       6
       7
       8
      12
      13
      13
      20
      13
      13
      10
      17
      18
       8
      12
      18
      15
      15
      10
      17
      14
       7
      13
      19
      15
       8
      14
      10
       8
      12
      12
      10
      18
      17
       8
      16
       8
      14
      13
      11
      18
      22
      15
      15
       7
      10
      12
      16
      12
      16
      12
      15
       9
       9
       9
      11
       8
      14
       8
      15
       7
      11
      14
      12
      14
      16
      10
      12
      14
       7
      11
       7
      12
      10
      10
       7
      13
      10
      10
       9
       9
      12
      10
      12
      13
      10
      14
      12
      10
      11
      15
      17
      13
       9
      11
      12
      12
      14
       6
       6
       7
      13
      14
      15
      10
      16
      16
      15
      16
      13
      12
      16
      12
      12
      10
       8
       8
       8
      11
      10
      11
      12
       9
       8
       7
      10
      12
       5
      10
       7
       8
      15
      11
       8
      14
      10
      14
       7
       9
      10
      14
      12
      10
      10
      14
      10
       8
      10
       7
      14
       8
       6
       5
      11
      15
       3
       9
       7
      11
       9
      16
       4
      10
       8
       9
      16
      10
      15
      14
       1
       7
       7
      15
      13
      12
      14
       8
       9
       4
       6
      12
      10
       8
       9
      10
       6
      12
      10
      10
      10
      13
      12
       7
       5
       8
      14
       5
      13
       6
      12
       7
       7
       6
       9
       7
       9
       6
       5
       8
       6
       6
       6
      10
      10
      12
       9
       4
       7
       4
       6
       8
       7
       7
       8
       7
       2
      12
      10
      11
       7
      10
       5
       8
       5
       9
       6
       8
      15
       4
       7
       5
       9
       5
       6
       6
       6
      11
       5
       9
       5
       5
       9
      10
       5
      11
       6
       8
       9
       6
       7
       9
       4
       6
       7
       5
      10
      14
       8
      15
      12
       6
       3
       6
       5
       9
       7
      11
       5
       4
       8
      10
       7
      12
       6
       7
       2
      10
       6
       8
       9
      11
       5
       4
      10
      10
       4
       6
      10
       7
       6
       5
       8
      10
       5
       9
       5
       5
       6
       4
       6
       4
       8
       7
      11
       8
      11
       6
       6
       0
       5
       4
      17
       6
       4
       8
      11
       9
       7
       7
       5
       4
       4
       4
       6
       4
       7
       9
       9
       4
       8
       4
       4
      10
       5
       6
       5
       8
       5
       9
       4
       8
      12
       8
       2
       4
       4
       8
       6
       8
       7
       9
       7
       4
       5
       3
       7
       4
       2
       9
      10
       5
       8
       2
       8
       7
      10
       7
       7
       5
       9
       7
       6
       5
       3
       8
       4
       5
       4
       9
       7
       8
       6
      10
       3
       8
       5
       3
       9
       4
       9
      11
       3
       7
       9
       8
       3
       6
       6
      10
       6
       4
       4
       4
       9
       4
       7
       6
       2
       5
       6
       1
       5
       2
      11
       6
       5
       5
       4
       4
       3
      11
       3
       7
       5
       4
       5
       3
       9
       6
       5
       8
       7
       2
       3
       6
       5
       8
       3
       1
       4
       7
       6
       5
       5
       6
       3
       3
       6
       4
       6
       2
       3
       8
       3
       3
       7
       6
       2
       8
       2
       5
       2
       6
       3
       8
       7
       4
       9
       5
       7
       1
      10
       5
       7
       4
       6
       5
       7
       7
       8
       4
       6
       2
       8
       4
       3
       6
       6
       4
       4
       5
       5
       8
       5
       4
       5
       3
       1
       8
       8
       3
       3
       6
       6
       5
       7
       4
       7
       4
       3
       3
       4
       4
       3
       7
       1
       4
       4
       5
       7
       6
       2
       3
       4
       6
       5
       1
       2
       3
       2
       3
       4
       5
       8
       5
       5
       3
       7
       7
       5
       5
       7
       9
       3
       6
       3
       3
       6
       9
       2
       3
       3
       2
       6
       3
       4
       9
       6
       4
       4
       3
       8
       5
       5
       7
       3
       6
       4
       3
       4
       2
       3
       2
       3
       2
       3
       4
       3
       0
       3
       3
       3
       2
       7
       6
       4
       5
       3
       6
       4
       5
       5
       6
       2
       3
       5
       5
       1
       5
       4
       3
       1
       3
       0
       7
       3
       4
       4
       3
       5
       2
       4
       3
       2
       4
       1
       4
       1
       3
       2
       4
       3
       2
       3
       3
       4
       3
       5
       5
       3
       7
       5
       1
       3
       2
       4
       5
       2
       5
       4
       4
       4
       5
       7
       3
       1
       2
       3
       1
       5
       7
       2
       5
       3
       2
       4
       5
       2
       5
       4
       7
       7
       3
       3
       3
       6
       4
       3
       4
       2
       3
       2
       2
       3
       6
       2
       5
       1
       4
       3
       3
       2
       3
       3
       3
       4
       0
       1
       3
       3
       6
       6
       5
       2
       3
       4
       2
       6
       1
       3
       2
       2
       2
       6
       1
       3
       2
       5
       5
       2
       3
       4
       3
       2
       7
       0
       3
       2
       2
       2
       1
       1
       0
       1
       1
       5
       6
       4
       2
       0
       3
       1
       2
       3
       2
       2
       2
       2
       2
       9
       3
       3
       2
       5
       4
       5
       4
       1
       0
       3
       1
       2
       2
       3
       3
       3
       2
       2
       1
       5
       4
       1
       4
       3
       1
       1
       4
       1
       6
       6
       3
       0
       3
       4
       1
       5
       6
       1
       6
       6
       3
       7
       4
       1
       2
       4
       4
       6
       4
       3
       3
       5
       3
       2
       4
       5
       5
       1
       2
       6
       4
       3
       1
       1
       1
       3
       4
       2
       3
       1
       1
       2
       0
       2
       4
       2
       3
       1
       3
       2
       3
       2
       1
       4
       4
       3
       2
       0
       0
       2
       6
       1
       1
       1
       3
       5
       4
       5
       4
       0
       3
       4
       4
       5
       6
       2
       2
       4
       2
       1
       5
       3
       5
       4
       1
       7
       1
       2
       2
       3
       6
       3
       3
       0
       2
       6
       1
       0
       2
       6
       0
       2
       3
       1
       2
       3
       4
       3
       6
       1
       0
       3
       4
       3
       2
       3
       5
       1
       1
       4
       4
       2
       3
       2
       4
       5
       4
       2
       4
       3
       0
       8
       6
       4
       2
       2
       1
       2
       4
       3
       1
       1
       3
       0
       0
       2
       1
       4
       2
       1
       2
       3
       2
       0
       0
       3
       5
       4
       5
       1
       1
       3
       1
       3
       3
       5
       2
       5
       5
       3
       0
       1
       2
       1
       2
       3
       2
       2
       4
       1
       1
       4
       2
       0
       2
       3
       0
       5
       3
       0
       6
       3
       1
       2
       1
       2
       3
       0
       3
       1
       1
       4
       2
       4
       4
       1
       0
       4
       3
       5
       6
       5
       4
       2
       1
       4
       2
       3
       1
       2
       3
       5
       2
       2
       5
       0
       2
       0
       1
       2
       0
       1
       4
       3
       1
       3
       3
       3
       2
       0
       2
       1
       3
       1
       1
       2
       0
       7
       3
       1
       4
       1
       0
       3
       0
       4
       2
       4
       2
       3
       1
       2
       1
       3
       2
       2
       4
       0
       2
       3
       1
       3
       3
       0
       3
       4
       4
       1
       1
       3
       2
       2
       4
       1
       1
       3
       4
       4
       2
       4
       2
       0
       4
       4
       1
       3
       3
       2
       0
       4
       2
       3
       2
       2
       3
       2
       5
       1
       2
       3
       3
       0
       1
       0
       2
       0
       0
       2
       4
       0
       0
       2
       2
       0
       0
       1
       1
       2
       3
       0
       1
       2
       1
       0
       3
       0
       1
       3
       5
       1
       1
       1
       1
       2
       2
       6
       2
       0
       2
       2
       2
       2
       3
       1
       4
       2
       1
       1
       1
       2
       2
       1
       0
       1
       2
       2
       0
       2
       1
       1
       0
       2
       5
       2
       1
       1
       1
       4
       3
       2
       2
       3
       3
       2
       1
       1
       1
       2
       3
       1
       3
       0
       6
       1
       2
       1
       1
       2
       4
       0
       1
       0
       1
       1
       3
       3
       2
       4
       2
       2
       1
       0
       1
       4
       4
       3
       1
       4
       2
       0
       3
       1
       1
       0
       4
       3
       3
       5
       2
       4
       1
       2
       1
       2
       0
       3
       3
       1
       4
       5
       4
       0
       2
       1
       1
       1
       1
       2
       2
       1
       2
       1
       2
       1
       3
       1
       5
       1
       4
       1
       0
       3
       2
       2
       2
       1
       1
       3
       2
       1
       3
       1
       1
       4
       0
       1
       1
       2
       0
       1
       5
       0
       0
       2
       1
       3
       1
       2
       0
       4
       0
       0
       2
       2
       0
       2
       2
       1
       1
       1
       3
       2
       3
       4
       3
       4
       1
       3
       2
       0
       2
       3
       4
       1
       1
       1
       2
       2
       1
       0
       1
       2
       0
       1
       3
       3
       3
       1
       0
       1
       2
       0
       1
       3
       2
       2
       1
       1
       3
       3
       6
       0
       2
       2
       0
       0
       0
       0
       1
       0
       0
       1
       3
       3
       1
       2
       2
       1
       1
       0
       2
       3
       2
       1
       4
       2
       1
       0
       1
       6
       1
       2
       2
       2
       2
       1
       0
       2
       1
       1
       1
       1
       3
       4
       1
       4
       2
       5
       1
       1
       3
       2
       3
       0
       2
       1
       2
       2
       3
       1
       2
       4
       1
       1
       1
       1
       3
       0
       4
       2
       2
       0
       2
       0
       0
       3
       4
       4
       1
       1
       4
       1
       2
       3
       1
       2
       1
       1
       2
       0
       1
       3
       2
       1
       0
       1
       1
       0
       1
       0
       0
       0
       0
       0
       0
       0
       0
       0
       0
       0
       0
       0
       0
       0
       0
       0
       0
       0
       0
       0
       0
       0
$ROI:
1
0 2047
$PRESETS:
Real Time
800000
0
$ENER_FIT:
0.000000 0.000000
$MCA_CAL:
3
0.000000E+000 0.000000E+000 0.000000E+000 
$SHAPE_CAL:
3
0.000000E+000 0.000000E+000 0.000000E+000
